SQL:
CREATE TABLE t_1GVNr3 (c_T6e TEXT NOT NULL CHECK (length(c_T6e) > 0), c_jrK6OfdEe NUMERIC NOT NULL, c_t6vU NUMERIC DEFAULT 790107, c_B0LQEVH TEXT, PRIMARY KEY (c_jrK6OfdEe));
CREATE TABLE t_mUdgezFqt4 (c_AWGCiTE8s INTEGER NOT NULL, c_pQEU TEXT, c_MsCeDg8pOL TEXT UNIQUE DEFAULT 'z', c_GNFCWb NUMERIC NOT NULL, c_3YCb INTEGER, c_jLR4 INTEGER DEFAULT 411829, c_XHQ89 TEXT CHECK (length(c_XHQ89) > 0), c_NKF1Oq4o NUMERIC DEFAULT NULL, c_a70 TEXT PRIMARY KEY);
WITH cte_Z6a AS (SELECT 1) INSERT INTO t_1GVNr3 (c_T6e, c_jrK6OfdEe, c_t6vU, c_B0LQEVH) VALUES ('7ZIqZz6F0ac2h2OJ_0', -870098, 551111, 'qFW4dMPWmSRKke8eHD_3'), ('TZmrH_100', 1664563, 1961965, '3V6_103');
REPLACE INTO t_1GVNr3 (c_T6e, c_jrK6OfdEe, c_t6vU, c_B0LQEVH) VALUES ('yI8o3_0', -276131, 141057, 'x7LpxMrliwET_3'), ('Ec_100', 1754244, 1724562, 'gjWs9_103');
INSERT OR ABORT INTO t_mUdgezFqt4 (c_AWGCiTE8s, c_pQEU, c_MsCeDg8pOL, c_GNFCWb, c_3YCb, c_jLR4, c_XHQ89, c_NKF1Oq4o, c_a70) VALUES (-814597, 'QkyVQKTJDY1wYqv8nR_1', 'uDa6gmH4tuc9MDFXz_2', 562760, -558625, -521342, 'KmNaIqz683q_6', -769113, 'eRCnvoD_8'), (239625, 'RO_101', 'iBoz8GDAMof_102', 136294, 912035, 702532, 'XfZahtVBQaXHnPIf_106', 1835542, 'I0bvKhi9Gxhfa_108'), (1490617, 'kS3F6FG_201', 'ntxL9I7A9_202', 3015329, 2003528, 2069372, 'j7acs1tikHAhahNMGiH_206', 2702613, 'FSqb8FZJlHNh8b_208');
INSERT OR FAIL INTO t_mUdgezFqt4 (c_AWGCiTE8s, c_pQEU, c_MsCeDg8pOL, c_GNFCWb, c_3YCb, c_jLR4, c_XHQ89, c_NKF1Oq4o, c_a70) SELECT -186902, 'hyMWPDoIxIbKtS', 'RTzzmzZic2Qe', -465238, 209071, 806508, '6wKga', -593834, 'fqMZe';
REPLACE INTO t_mUdgezFqt4 (c_AWGCiTE8s, c_pQEU, c_MsCeDg8pOL, c_GNFCWb, c_3YCb, c_jLR4, c_XHQ89, c_NKF1Oq4o, c_a70) VALUES (-265041, 'Kv_1', 'o2tQ_2', 318146, -790485, -710683, '3Rnge_6', -430317, '4ApWME1_8');
INSERT OR FAIL INTO t_mUdgezFqt4 (c_AWGCiTE8s, c_pQEU, c_MsCeDg8pOL, c_GNFCWb, c_3YCb, c_jLR4, c_XHQ89, c_NKF1Oq4o, c_a70) VALUES (164425, 'dl1DMi6Thzx7qOWhC8pK_1', 'ZAO1T_2', 523757, 114188, 591506, 'JEMtT_6', -506165, 'z70RiELztLs6Zk69_8');
REPLACE INTO t_mUdgezFqt4 (c_AWGCiTE8s, c_pQEU, c_MsCeDg8pOL, c_GNFCWb, c_3YCb, c_jLR4, c_XHQ89, c_NKF1Oq4o, c_a70) VALUES (346448, 'uWF8SW_1', 'e67qlpya4r4G4_2', -418079, 95594, 101394, 'qzORwZW3BAv2onKAEY_6', 76206, 'gaBz8t6YoVp4C_8'), (273451, 'jM9Rjx_101', 'epabYpBY_102', 1030101, 80457, 1332843, 'EefZM4c_106', 1565057, 'bjYQiOVjyJ9bkmlkBA6_108');
ALTER TABLE t_mUdgezFqt4 ADD COLUMN c_r1QDG NUMERIC;
ALTER TABLE t_mUdgezFqt4 ADD COLUMN c_BKY INTEGER;
CREATE INDEX IF NOT EXISTS idx_AoDGH ON t_mUdgezFqt4(c_pQEU);
SELECT DISTINCT *, c_a70, (+ t_1GVNr3.c_T6e AND ~ t_mUdgezFqt4.c_NKF1Oq4o) AS alias_k9Y FROM t_1GVNr3 WHERE EXISTS (SELECT 1 FROM t_mUdgezFqt4 LIMIT 1) UNION ALL SELECT *, NOT t_1GVNr3.c_t6vU FROM t_mUdgezFqt4 LEFT JOIN t_1GVNr3 ON t_mUdgezFqt4.c_NKF1Oq4o = t_1GVNr3.c_T6e WHERE c_pQEU IN (SELECT t_1GVNr3.c_T6e FROM t_mUdgezFqt4 LIMIT 5) GROUP BY c_t6vU, c_T6e, c_jrK6OfdEe ORDER BY c_GNFCWb, c_AWGCiTE8s ASC;
SELECT NULL AS alias_kk1, * FROM t_1GVNr3 NATURAL LEFT JOIN t_mUdgezFqt4 GROUP BY c_T6e, c_t6vU ORDER BY c_3YCb DESC, c_GNFCWb;
SELECT COUNT(*) FROM t_1GVNr3;

--- v3.26.0 ---
OUT:
|7ZIqZz6F0ac2h2OJ_0|-870098|551111|qFW4dMPWmSRKke8eHD_3|-814597|QkyVQKTJDY1wYqv8nR_1|uDa6gmH4tuc9MDFXz_2|562760|-558625|-521342|KmNaIqz683q_6|-769113|eRCnvoD_8||
|Ec_100|1754244|1724562|gjWs9_103|-814597|QkyVQKTJDY1wYqv8nR_1|uDa6gmH4tuc9MDFXz_2|562760|-558625|-521342|KmNaIqz683q_6|-769113|eRCnvoD_8||
|TZmrH_100|1664563|1961965|3V6_103|-814597|QkyVQKTJDY1wYqv8nR_1|uDa6gmH4tuc9MDFXz_2|562760|-558625|-521342|KmNaIqz683q_6|-769113|eRCnvoD_8||
|yI8o3_0|-276131|141057|x7LpxMrliwET_3|-814597|QkyVQKTJDY1wYqv8nR_1|uDa6gmH4tuc9MDFXz_2|562760|-558625|-521342|KmNaIqz683q_6|-769113|eRCnvoD_8||
4

ERR:
Error: near line 13: no such column: c_a70


--- v3.39.4 ---
OUT:
|yI8o3_0|-276131|141057|x7LpxMrliwET_3|-814597|QkyVQKTJDY1wYqv8nR_1|uDa6gmH4tuc9MDFXz_2|562760|-558625|-521342|KmNaIqz683q_6|-769113|eRCnvoD_8||
|TZmrH_100|1664563|1961965|3V6_103|-814597|QkyVQKTJDY1wYqv8nR_1|uDa6gmH4tuc9MDFXz_2|562760|-558625|-521342|KmNaIqz683q_6|-769113|eRCnvoD_8||
|Ec_100|1754244|1724562|gjWs9_103|-814597|QkyVQKTJDY1wYqv8nR_1|uDa6gmH4tuc9MDFXz_2|562760|-558625|-521342|KmNaIqz683q_6|-769113|eRCnvoD_8||
|7ZIqZz6F0ac2h2OJ_0|-870098|551111|qFW4dMPWmSRKke8eHD_3|-814597|QkyVQKTJDY1wYqv8nR_1|uDa6gmH4tuc9MDFXz_2|562760|-558625|-521342|KmNaIqz683q_6|-769113|eRCnvoD_8||
4

ERR:
Parse error near line 13: no such column: c_a70
  SELECT DISTINCT *, c_a70, (+ t_1GVNr3.c_T6e AND ~ t_mUdgezFqt4.c_NKF1Oq4o) AS 
                     ^--- error here

