SQL:
CREATE TABLE t_WO4 (c_hygMqLsaso NUMERIC, c_7mS NUMERIC DEFAULT NULL, c_h7cEi REAL, c_DkW INTEGER, c_Kya7tk8 INTEGER, c_yHSPxywgn TEXT, c_zcqPo2AY NUMERIC, c_1rSHe8Fe4 INTEGER, c_U76 INTEGER);
CREATE TEMP TABLE IF NOT EXISTS t_lGsEvT7x (c_cxHnoqR4K REAL DEFAULT -313643.7247, c_hIwW TEXT DEFAULT 'APqys9uNdd9naj', c_mWIYNM NUMERIC, c_wuOBxF TEXT, c_VhaNN5sOG REAL, c_VyykB66Eil REAL, c_n9n7Z5Fp INTEGER, c_8Dd TEXT, c_zEyK4t7IS5 INTEGER, c_qKVA6IbXP NUMERIC);
ALTER TABLE t_WO4 RENAME COLUMN c_Kya7tk8 TO c_1yr;
ALTER TABLE t_WO4 RENAME TO t_dnknWB;
ALTER TABLE t_dnknWB RENAME TO t_BlXyO4;
INSERT OR REPLACE INTO t_lGsEvT7x (c_cxHnoqR4K, c_hIwW, c_mWIYNM, c_wuOBxF, c_VhaNN5sOG, c_VyykB66Eil, c_n9n7Z5Fp, c_8Dd, c_zEyK4t7IS5, c_qKVA6IbXP) SELECT -280295.85986, 'YXAe_9265', 93549168, 'JdZcN_9465', 355930.595156, 371983.29, 97926753, 'M2_9865', 99762520, 100571106;
REPLACE INTO t_lGsEvT7x (c_cxHnoqR4K, c_hIwW, c_mWIYNM, c_wuOBxF, c_VhaNN5sOG, c_VyykB66Eil, c_n9n7Z5Fp, c_8Dd, c_zEyK4t7IS5, c_qKVA6IbXP) VALUES (-885322.39, 'TsUAKTU7Nwf05wliT7d_9265', 93970079, '0hFzm0kP_9465', 632912.7, 1057523.774981, 97441920, 'B61c_9865', 99513182, 100244356), (746552.9, 'ohQ_19265', 194570362, 'ktz34TSNQ2_19465', 690423.14, 1121487.1531, 198463480, 'FTcVhLkH1gSN48kssjMw_19865', 199932078, 200038433);
WITH cte_wpo AS (SELECT 1) REPLACE INTO t_lGsEvT7x (c_cxHnoqR4K, c_hIwW, c_mWIYNM, c_wuOBxF, c_VhaNN5sOG, c_VyykB66Eil, c_n9n7Z5Fp, c_8Dd, c_zEyK4t7IS5, c_qKVA6IbXP) VALUES (-547872.43, 'AtkmGnGJB9Ondq_9265', 93669714, '26yQzNDGjsIa_9465', -141399.622892, -785755.548, 97419552, 'HE1qt7I1rDLV4allgwC_9865', 100324138, 101391161);
REPLACE INTO t_BlXyO4 (c_hygMqLsaso, c_7mS, c_h7cEi, c_DkW, c_1yr, c_yHSPxywgn, c_zcqPo2AY, c_1rSHe8Fe4, c_U76) VALUES (92095251, 92214081, -651958.27097, 95386516, 96386436, 'K4f_9665', 97833740, 98874765, 99740642), (192088680, 193182821, -717122.7, 194997891, 195302120, 'vCDhDhVX5GNwGjA_19665', 197497904, 198991413, 199836695);
INSERT OR REPLACE INTO t_BlXyO4 DEFAULT VALUES;



                    WITH json_data(id, data) AS (
                        SELECT ROWID, '{"a":1, "b":"text", "c":[3,4,5], "d":{"e":6, "f":null}, "g":true, "h":false, "i":[{"j":10},{"j":20}]}'
                        FROM t_BlXyO4
                        LIMIT 10
                    )
                    SELECT id,
                        json_extract(data, '$.a') as a_value,
                        json_extract(data, '$.b') as b_value,
                        json_extract(data, '$.c') as c_array,
                        SUM(json_extract(data, '$.a')) OVER () as sum_a,
                        AVG(json_extract(data, '$.a')) OVER () as avg_a,
                        json_group_array(json_extract(data, '$.a')) OVER () as all_a_values,
                        json_group_object(id, json_extract(data, '$.b')) OVER () as id_to_b_map
                    FROM json_data
                    ORDER BY id;
                    
SELECT t_lGsEvT7x.c_cxHnoqR4K IN (SELECT t_lGsEvT7x.c_wuOBxF FROM t_lGsEvT7x LIMIT 5) AS alias_bXV, t_lGsEvT7x.c_VhaNN5sOG, CASE WHEN NOT t_lGsEvT7x.c_hIwW THEN NOT t_lGsEvT7x.c_wuOBxF END AS alias_DyE, CASE WHEN CASE WHEN t_lGsEvT7x.c_zEyK4t7IS5 THEN t_lGsEvT7x.c_wuOBxF ELSE t_lGsEvT7x.c_n9n7Z5Fp END THEN (t_lGsEvT7x.c_cxHnoqR4K >= t_lGsEvT7x.c_wuOBxF) ELSE + t_lGsEvT7x.c_VyykB66Eil END FROM t_lGsEvT7x WHERE (- t_lGsEvT7x.c_VyykB66Eil >> t_lGsEvT7x.c_8Dd) GROUP BY c_hIwW UNION ALL SELECT ~ t_BlXyO4.c_zcqPo2AY AS alias_cqU, t_lGsEvT7x.c_qKVA6IbXP, CASE ~ t_lGsEvT7x.c_hIwW WHEN CASE WHEN NULL THEN t_BlXyO4.c_DkW WHEN t_BlXyO4.c_U76 THEN t_BlXyO4.c_h7cEi ELSE t_lGsEvT7x.c_qKVA6IbXP END THEN + t_BlXyO4.c_1rSHe8Fe4 ELSE + t_BlXyO4.c_hygMqLsaso END AS alias_S3X, t_BlXyO4.c_hygMqLsaso FROM t_BlXyO4, t_lGsEvT7x ORDER BY 1 DESC LIMIT 63;
SELECT t_lGsEvT7x.c_wuOBxF, t_lGsEvT7x.c_n9n7Z5Fp, t_lGsEvT7x.c_qKVA6IbXP FROM t_lGsEvT7x LIMIT 10;
SELECT t_BlXyO4.c_yHSPxywgn, t_BlXyO4.c_DkW, t_BlXyO4.c_zcqPo2AY, t_BlXyO4.c_U76, t_BlXyO4.c_1rSHe8Fe4 FROM t_BlXyO4 ORDER BY t_BlXyO4.c_DkW ASC LIMIT 10;

--- v3.26.0 ---
OUT:
1|1|text|[3,4,5]|3|1.0|[1,1,1]|{"1":"text","2":"text","3":"text"}
2|1|text|[3,4,5]|3|1.0|[1,1,1]|{"1":"text","2":"text","3":"text"}
3|1|text|[3,4,5]|3|1.0|[1,1,1]|{"1":"text","2":"text","3":"text"}
0|-141399.622892|0|0
0|632912.7|1|1057523.774981
0|355930.595156|1|371983.29
0|690423.14|1|1121487.1531
-97833741|100571106|92095251|92095251
-97833741|100244356|92095251|92095251
-97833741|200038433|92095251|92095251
-97833741|101391161|92095251|92095251
-197497905|100571106|192088680|192088680
-197497905|100244356|192088680|192088680
-197497905|200038433|192088680|192088680
-197497905|101391161|192088680|192088680
|100571106||
|100244356||
|200038433||
|101391161||
JdZcN_9465|97926753|100571106
0hFzm0kP_9465|97441920|100244356
ktz34TSNQ2_19465|198463480|200038433
26yQzNDGjsIa_9465|97419552|101391161
||||
K4f_9665|95386516|97833740|99740642|98874765
vCDhDhVX5GNwGjA_19665|194997891|197497904|199836695|198991413

ERR:


--- v3.49.1 ---
OUT:
1|1|text|[3,4,5]|3|1.0|[1,1,1]|{"1":"text","2":"text","3":"text"}
2|1|text|[3,4,5]|3|1.0|[1,1,1]|{"1":"text","2":"text","3":"text"}
3|1|text|[3,4,5]|3|1.0|[1,1,1]|{"1":"text","2":"text","3":"text"}
0|690423.14|1|1121487.1531
0|355930.595156|1|371983.29
0|632912.7|1|1057523.774981
0|-141399.622892|0|0
-97833741|100571106|92095251|92095251
-97833741|100244356|92095251|92095251
-97833741|200038433|92095251|92095251
-97833741|101391161|92095251|92095251
-197497905|100571106|192088680|192088680
-197497905|100244356|192088680|192088680
-197497905|200038433|192088680|192088680
-197497905|101391161|192088680|192088680
|100571106||
|100244356||
|200038433||
|101391161||
JdZcN_9465|97926753|100571106
0hFzm0kP_9465|97441920|100244356
ktz34TSNQ2_19465|198463480|200038433
26yQzNDGjsIa_9465|97419552|101391161
||||
K4f_9665|95386516|97833740|99740642|98874765
vCDhDhVX5GNwGjA_19665|194997891|197497904|199836695|198991413

ERR:

